##TITLE= Parameter file, XWIN-NMR		Version 3.6
##JCAMPDX= 5.0
##DATATYPE= Parameter Values
##ORIGIN= Bruker Analytik GmbH
##OWNER= Administrator
$$ Tue Jan 31 13:38:36 2023 MSK (UT+3h)  tos@Avance-400
$$ /opt/xwinnmr/conf/instr/spect/uxnmr.par
##$ACB= 0
##$ACBTAT= (0..15)
0 88 72 0 0 0 0 0 0 0 0 0 0 0 0 0 
##$ACBTBA= (0..15)
0 0 0 0 0 0 0 0 0 0 0 0 0 0 0 0 
##$ACBTCTL= (0..15)
0 0 0 0 0 0 0 0 0 0 0 0 0 0 0 0 
##$ACBTDI= (0..15)
0 102 102 0 0 0 0 0 0 0 0 0 0 0 0 0 
##$ACBTDM= (0..15)
0 10 10 0 0 0 0 0 0 0 0 0 0 0 0 0 
##$ACBTFHI= (0..15)
0 400 400 0 0 0 0 0 0 0 0 0 0 0 0 0 
##$ACBTFL= (0..15)
0 73 74 0 0 0 0 0 0 0 0 0 0 0 0 0 
##$ACBTFLO= (0..15)
0 14 14 0 0 0 0 0 0 0 0 0 0 0 0 0 
##$ACBTOUT= (0..15)
0 1 2 0 0 0 0 0 0 0 0 0 0 0 0 0 
##$ACBTPO= (0..15)
0 150000 60000 0 0 0 0 0 0 0 0 0 0 0 0 0 
##$ACBTPW= (0..15)
0 10 10 0 0 0 0 0 0 0 0 0 0 0 0 0 
##$ACBTSB= (0..15)
0 0 0 0 0 0 0 0 0 0 0 0 0 0 0 0 
##$ACBTY= <no>
##$AQSBDHW= (0..31)
255 255 1 4 255 2 255 255 0 0 255 255 255 255 255 255 255 255 255 0 255 
255 255 255 255 255 255 255 255 255 255 255 
##$AQSBDID= (0..31)
255 255 88 83 255 83 255 255 65 67 255 255 255 255 255 255 255 255 255 
66 255 255 255 255 255 255 255 255 255 255 255 255 
##$AQSBDNO= (0..31)
255 255 1 1 255 2 255 255 1 1 255 255 255 255 255 255 255 255 255 1 255 
255 255 255 255 255 255 255 255 255 255 255 
##$AQSBDTY= (0..31)
255 255 3 16 255 16 255 255 5 9 255 255 255 255 255 255 255 255 255 7 
255 255 255 255 255 255 255 255 255 255 255 255 
##$AQSBUAD= (0..31)
255 255 52 36 255 37 255 255 54 26 255 255 255 255 255 255 255 255 255 
32 255 255 255 255 255 255 255 255 255 255 255 255 
##$AQSECL= (0..31)
255 255 2 6 255 2 255 255 4 2 255 255 255 255 255 255 255 255 255 255 
255 255 255 255 255 255 255 255 255 255 255 255 
##$AQSECLS= (0..31)
255 255 3 2 255 6 255 255 0 0 255 255 255 255 255 255 255 255 255 255 
255 255 255 255 255 255 255 255 255 255 255 255 
##$ATT19F= (0..1)
0 0 
##$ATT1H= (0..1)
0 0 
##$ATT3H= (0..1)
0 0 
##$ATTX= (0..1)
0 0 
##$ATTY= (0..1)
0 0 
##$ATTZ= (0..1)
0 0 
##$BACSTY= <no>
##$BARPTY= <no>
##$BFREQ= 400.13
##$BIRDS= yes
##$BMPC= 0
##$BMPCTY= <no>
##$BPSUTY= <no>
##$BSMS= 1
##$BSMSTY= <tty02>
##$CFASMOD= (0..7)
1 1 1 1 1 1 1 1 
##$CFASMUL= (0..7)
1 1 1 1 1 1 1 1 
##$CNFTXDR= (0..7)
6 6 0 0 0 0 0 0 
##$COMDIG2= 0
##$CPDBTY= <no>
##$CRCOTY= <no>
##$DIGI140= (0..7)
0 0 0 0 0 0 0 0 
##$DIGIB12= (0..7)
0 0 0 0 0 0 0 0 
##$DIGIB16= (0..7)
0 0 0 0 0 0 0 0 
##$DIGIFA= (0..7)
0 0 0 0 0 0 0 0 
##$DIGIHA= (0..7)
0 0 0 0 0 0 0 0 
##$DIGIHAF= (0..7)
0 0 0 0 0 0 0 0 
##$DIGIHRD= (0..7)
0 0 0 0 0 0 0 0 
##$DIGIIA= (0..7)
0 0 0 0 0 0 0 0 
##$DIGIO16= (0..7)
0 0 0 0 0 0 0 0 
##$DIGISA= (0..7)
1 0 0 0 0 0 0 0 
##$DIGISAF= (0..7)
0 0 0 0 0 0 0 0 
##$DIGISL= (0..7)
0 0 0 0 0 0 0 0 
##$DIGITYI= (0..7)
0 0 0 0 0 0 0 0 
##$DIGITYP= (0..7)
2 0 0 0 0 0 0 0 
##$DIGITZ= 0
##$FCUMEM= (0..7)
2093056 2093056 0 0 0 0 0 0 
##$FCUPAL= (0..7)
260 260 0 0 0 0 0 0 
##$FQMIX= 0
##$FUNCMOD= <>
##$GCUTYPE= 2
##$HFAC= 3
##$HPCU= 0
##$HPCUTY= <no>
##$HPTXLP= (0..3)
-1 -1 -1 -1 
##$HPTXPI= (0..3)
0 0 0 0 
##$HPTXPO= (0..3)
0 0 0 0 
##$HPTXTY= (0..3)
0 0 0 0 
##$IF451= 0
##$IFREQ= 1
##$INTFPR= 0
##$LOCKTY= <tty03>
##$LOCSWID= 0
##$M2FAC= 0
##$MASTY= <no>
##$MEMPRM= 0
##$MHFAC= 0
##$MXFAC= 0
##$NAMPD1= <2H>
##$NAMPD10= <>
##$NAMPD11= <>
##$NAMPD12= <>
##$NAMPD13= <>
##$NAMPD14= <>
##$NAMPD15= <>
##$NAMPD16= <>
##$NAMPD2= <1H>
##$NAMPD3= <X-BB19F_2HS>
##$NAMPD4= <>
##$NAMPD5= <>
##$NAMPD6= <>
##$NAMPD7= <>
##$NAMPD8= <>
##$NAMPD9= <>
##$NFCU= 2
##$NMRCH= 0
##$NMRMEM= 0
##$NRCU= 1
##$NROUT= 1
##$PAMPF1= (0..15)
75 99 0 27 2 0 0 203 64 26 27 8 24 52 175 9 
##$PAMPF2= (0..15)
0 0 0 0 0 0 0 0 0 0 0 0 0 0 0 0 
##$PAMPF3= (0..15)
0 0 0 0 0 0 0 0 0 0 0 0 0 0 0 0 
##$PAMPF4= (0..15)
0 0 0 0 0 0 0 0 0 0 0 0 0 0 0 0 
##$PAMPF5= (0..15)
0 0 0 0 0 0 0 0 0 0 0 0 0 0 0 0 
##$PAMPF6= (0..15)
0 0 0 0 0 0 0 0 0 0 0 0 0 0 0 0 
##$PAMPF7= (0..15)
0 0 0 0 0 0 0 0 0 0 0 0 0 0 0 0 
##$PAMPF8= (0..15)
0 0 0 0 0 0 0 0 0 0 0 0 0 0 0 0 
##$PH4= 0
##$PHF4TY= <no>
##$POWCHK= no
##$PRAMD1= (0..7)
0 1048576 0 0 0 1048576 0 0 
##$PRAMD10= (0..7)
0 0 0 0 0 0 0 0 
##$PRAMD11= (0..7)
0 0 0 0 0 0 0 0 
##$PRAMD12= (0..7)
0 0 0 0 0 0 0 0 
##$PRAMD13= (0..7)
0 0 0 0 0 0 0 0 
##$PRAMD14= (0..7)
0 0 0 0 0 0 0 0 
##$PRAMD15= (0..7)
0 0 0 0 0 0 0 0 
##$PRAMD16= (0..7)
0 0 0 0 0 0 0 0 
##$PRAMD2= (0..7)
0 0 0 0 0 0 0 0 
##$PRAMD3= (0..7)
2 0 0 0 2 0 0 0 
##$PRAMD4= (0..7)
2147483644 2146435071 2147483647 134217727 2147483644 2146435071 2147483647 
134217727 
##$PRAMD5= (0..7)
0 0 0 0 0 0 0 0 
##$PRAMD6= (0..7)
0 0 0 0 0 0 0 0 
##$PRAMD7= (0..7)
0 0 0 0 0 0 0 0 
##$PRAMD8= (0..7)
0 0 0 0 0 0 0 0 
##$PRAMD9= (0..7)
0 0 0 0 0 0 0 0 
##$PRAMLED= (0..1)
15 15 
##$PRAMP1= <tty01>
##$PRAMP2= <00000000>
##$PRAMP3= <00000000>
##$PRAMP4= <00000000>
##$PRAMP5= <00000000>
##$PRAMP6= <00000000>
##$PRAMP7= <00000000>
##$PRAMP8= <00000000>
##$PRAMPTP= 0
##$PREPTY= <no>
##$PRESHLD= 0
##$PTS160= -1
##$PTSA2X= (0..7)
0 0 0 0 0 0 0 0 
##$PTSF2X= (0..7)
0 0 0 0 0 0 0 0 
##$PTSFMX= (0..7)
429.9 429.9 0 0 0 0 0 0 
##$PULCHK= no
##$RCUCDS= (0..7)
8388608 0 0 0 0 0 0 0 
##$RCUCFS= (0..7)
4096 0 0 0 0 0 0 0 
##$RCUCSS= (0..7)
1048576 0 0 0 0 0 0 0 
##$RCUI2C1= (0..7)
78 0 0 0 0 0 0 0 
##$RCUI2C2= (0..7)
0 0 0 0 0 0 0 0 
##$RCUI2C3= (0..7)
0 0 0 0 0 0 0 0 
##$RCUI2C4= (0..7)
0 0 0 0 0 0 0 0 
##$RCUI2C5= (0..7)
0 0 0 0 0 0 0 0 
##$RCUI2C6= (0..7)
0 0 0 0 0 0 0 0 
##$RCUI2C7= (0..7)
0 0 0 0 0 0 0 0 
##$RCUI2C8= (0..7)
0 0 0 0 0 0 0 0 
##$RDCU= 0
##$RGTYPE= (0..7)
5 0 0 0 0 0 0 0 
##$RG_max= (0..7)
46341 0 0 0 0 0 0 0 
##$RG_min= (0..7)
1 0 0 0 0 0 0 0 
##$ROUTER= 3
##$RX22TY= <tty10>
##$SCMTY= <no>
##$SPECTR= 5
##$SY2FLAG= 0
##$TFXNUM= 0
##$TRIPLO2= 0
##$VTUTY= <05>
##$WBREFAM= (0..15)
100 100 100 100 100 100 100 100 100 100 100 100 100 100 100 100 
##$WBREFPH= (0..15)
0 0 0 0 0 0 0 0 0 0 0 0 0 0 0 0 
##$XFAC= 2
##END=
